103,150
103,149
103,266
103,265
8,14
8,2
8,3
0,516
12,2
12,1
12,3
20,2
19,2
19,1
19,3
18,1
18,3
14,6
14,3
13,1
13,3
223,5
223,4
223,3
223,2
223,1
217,3
217,1
215,3
215,1
214,4
214,2
214,1
103,264
103,263
103,262
103,261
103,260
103,259
103,258
103,257
103,256
103,255
103,254
103,253
103,252
103,251
103,250
103,249
103,248
103,247
103,246
103,245
103,244
103,243
103,242
103,241
103,240
103,239
103,238
103,237
103,236
103,235
103,234
103,233
103,232
103,231
103,230
103,229
103,228
103,227
103,226
103,225
103,224
103,223
103,222
103,221
103,220
103,219
103,218
103,217
103,216
103,215
103,214
103,213
103,212
103,211
103,210
103,209
103,208
103,207
103,206
103,205
103,204
103,203
103,202
103,201
103,200
103,199
103,198
103,197
103,196
103,195
103,194
103,193
103,192
103,191
103,190
103,189
103,188
103,187
103,186
103,185
103,184
103,183
103,182
103,181
103,180
103,179
103,178
103,177
103,176
103,175
103,174
103,173
103,172
103,171
103,170
103,169
103,168
103,167
103,166
103,165
103,164
103,163
103,161
103,160
103,141
103,140
103,139
103,137
103,136
103,135
